#Data take from Libert et al 2017
#https://www.ncbi.nlm.nih.gov/pubmed/29063188
N	Long	Lat	Freq
21	-1.32	34.88	0.33
66	3.68	32.49	0.17
60	3.68	32.49	0.22
44	3.67	32.49	0.23
40	17.70	-14.66	0.00
72	15.99	-16.34	0.00
138	12.58	-16.98	0.01
108	12.15	-15.20	0.00
162	12.95	-15.64	0.01
68	12.11	-15.78	0.00
40	12.62	-15.92	0.00
306	12.15	-15.20	0.00
192	12.15	-15.20	0.00
30	12.65	-17.06	0.00
36	13.44	-16.70	0.00
38	23.57	-17.87	0.00
40	24.05	-23.42	0.00
18	22.31	-18.48	0.00
34	22.69	-22.05	0.00
20	22.69	-22.05	0.00
42	21.24	-20.24	0.00
52	21.24	-20.24	0.00
40	23.02	-24.89	0.00
38	21.37	-22.01	0.00
54	24.95	-20.80	0.00
22	23.02	-24.89	0.00
22	21.41	-22.96	0.00
40	20.18	-23.79	0.00
30	24.95	-20.80	0.00
36	25.90	-23.71	0.00
22	22.31	-18.48	0.00
14	23.02	-24.89	0.00
62	14.67	11.33	0.08
56	10.42	3.08	0.00
102	14.15	11.05	0.39
48	14.50	10.50	0.23
102	14.15	11.05	0.21
36	11.55	6.47	0.14
134	12.50	6.00	0.00
42	14.24	10.98	0.00
252	10.67	6.20	0.00
36	14.24	10.98	0.00
36	14.75	2.92	0.00
124	14.50	13.00	0.02
42	11.55	6.47	0.00
54	15.31	14.12	0.02
100	17.95	13.18	-
44	17.54	12.89	0.02
46	15.97	7.88	0.00
48	16.32	8.98	0.00
104	15.28	-4.27	0.00
22	14.16	-4.91	0.00
30	29.97	1.85	0.00
68	28.66	28.02	0.00
152	41.36	11.60	0.01
152	38.66	9.87	0.00
108	38.66	9.87	0.00
80	32.00	15.00	0.00
138	34.41	7.95	0.00
36	37.47	12.60	0.00
132	36.64	5.71	0.00
80	36.23	7.27	0.00
74	34.58	8.25	0.00
152	37.31	7.84	0.00
48	35.41	7.56	0.00
74	41.87	9.58	0.00
188	41.87	9.58	0.02
100	35.59	7.00	0.00
150	37.31	7.84	0.00
88	39.47	13.50	0.00
52	37.76	6.84	0.00
392	-1.02	7.95	0.00
70	-0.55	6.17	0.00
42	-1.29	10.53	0.00
10	40.12	-3.22	0.00
48	40.49	-2.21	0.00
34	38.02	2.33	0.00
16	37.78	5.60	0.00
2	37.16	0.40	0.00
32	36.68	2.83	0.00
82	37.07	3.32	0.00
38	39.24	3.47	0.00
22	37.14	0.37	0.00
20	36.08	0.51	0.00
14	37.15	-0.72	0.00
24	37.48	5.25	0.00
44	34.53	-0.11	0.00
14	35.26	1.09	0.00
14	37.14	0.43	0.00
8	35.18	0.11	0.00
22	35.83	-0.37	0.00
48	40.44	-2.39	0.00
36	37.76	-3.48	0.00
14	40.12	-3.22	0.00
28	36.09	0.68	0.00
2	36.09	0.68	0.00
24	37.58	2.51	0.00
12	35.26	1.09	0.00
18	36.70	1.10	0.00
28	40.50	-2.37	0.00
32	35.26	1.09	0.00
20	38.29	-3.40	0.00
30	35.85	0.52	0.00
26	35.99	0.48	0.00
44	37.07	3.32	0.00
28	37.18	0.45	0.00
24	35.49	3.32	0.00
310	33.78	-13.98	0.00
100	33.78	-13.98	0.00
154	-3.77	34.05	0.14
180	-6.02	34.03	0.18
24	-6.02	34.03	0.21
114	-6.02	34.03	0.26
22	-6.02	34.03	0.23
78	-8.23	29.00	0.14
66	-4.84	33.12	0.16
28	39.36	-15.15	0.00
22	34.10	-14.92	0.00
46	32.89	-24.35	0.00
36	34.89	-21.91	0.00
30	35.75	-12.81	0.00
94	31.58	-25.97	0.01
136	35.05	-17.44	0.00
38	18.78	-19.05	0.00
68	16.23	-20.35	0.00
80	16.23	-20.35	0.00
42	17.04	-21.50	0.00
28	17.07	-22.56	0.00
32	13.94	-18.84	0.00
40	20.50	-19.60	0.00
44	17.07	-22.56	0.07
50	17.55	-24.69	0.02
14	18.19	-25.60	0.00
34	18.19	-25.60	0.00
10	20.00	-21.00	0.00
16	16.58	-17.63	0.00
38	23.39	-17.96	0.00
106	14.19	12.34	0.09
50	3.47	7.23	0.00
52	4.00	8.00	0.00
284	6.73	0.34	0.05
114	-15.88	12.99	0.00
138	-17.45	14.69	0.00
158	45.37	2.07	0.03
42	29.00	-31.50	0.00
22	24.03	-28.68	0.00
40	20.78	-26.98	0.05
16	28.08	-26.20	0.00
40	25.07	-30.69	0.05
40	25.07	-30.69	0.00
40	20.78	-26.98	0.03
124	18.42	-33.92	0.22
32	27.67	-28.55	0.00
40	28.23	-25.71	0.00
16	24.25	-25.63	0.00
36	30.48	-22.95	0.00
40	19.01	-33.64	0.18
218	20.66	-34.16	0.00
50	30.96	-27.91	0.04
96	31.00	4.00	0.00
4	30.00	20.00	0.00
106	28.35	11.53	-
12	36.40	15.46	0.00
22	36.40	15.46	0.00
74	36.00	18.00	0.00
154	37.22	19.62	0.01
78	32.00	15.00	0.00
98	25.00	13.00	0.00
18	28.50	8.50	0.00
68	30.22	12.86	0.00
12	30.00	20.00	0.00
78	24.00	11.00	0.27
88	24.96	11.08	0.48
20	32.53	15.59	0.00
80	33.00	16.00	0.00
78	31.00	21.00	0.00
172	33.43	16.69	0.01
2	30.00	20.00	0.00
2	30.00	20.00	0.00
30	32.53	15.59	0.00
78	30.00	19.00	0.00
2	30.00	20.00	0.00
80	29.00	11.00	0.00
10	32.00	8.00	0.00
12	30.75	12.45	0.00
104	36.30	15.35	0.00
18	30.00	20.00	0.00
16	31.66	9.54	0.00
80	35.00	15.00	0.01
76	31.00	18.00	0.00
92	30.55	19.88	0.00
28	37.38	-5.29	0.00
36	35.92	-5.23	0.00
92	38.05	-5.38	0.00
8	35.17	-3.70	0.00
20	34.89	-6.37	0.00
22	35.68	-4.42	0.00
40	35.17	-3.68	0.00
52	35.38	-3.52	0.00
38	34.85	-2.27	0.00
60	38.43	-4.85	0.00
24	35.85	-3.79	0.00
20	38.27	-8.57	0.00
70	35.65	-4.31	0.00
6	38.43	-4.85	0.00
62	35.75	-5.00	0.00
44	32.98	0.43	0.00
32	24.80	-14.97	0.00
34	26.49	-17.67	0.00
32	68.36	33.56	0.06
80	68.71	36.13	0.08
28	68.71	36.13	0.25
30	67.64	35.50	0.03
54	67.64	35.50	0.24
88	45.04	40.07	0.01
102	45.04	40.07	0.18
80	47.58	40.14	0.01
22	104.92	11.55	0.00
20	102.83	24.88	0.00
20	87.62	43.83	0.05
90	104.21	34.86	0.00
200	104.21	34.86	0.00
20	115.52	25.65	0.00
20	115.52	25.65	0.00
20	132.50	47.70	0.00
154	132.50	47.70	0.00
196	132.50	47.70	-
188	81.30	43.90	0.05
194	81.30	43.90	-
20	102.83	24.88	0.00
130	123.20	40.20	0.00
216	123.20	40.20	-
20	106.63	26.65	0.00
20	119.70	29.20	0.10
164	119.70	29.20	0.02
212	119.70	29.20	-
20	100.23	26.86	0.00
138	126.53	45.80	-
20	131.00	53.50	0.00
90	131.00	53.50	0.01
136	131.00	53.50	-
20	119.65	27.09	0.00
418	92.07	31.48	0.00
572	88.88	29.27	0.00
20	101.78	36.62	0.00
20	112.94	28.23	0.00
20	87.62	43.83	0.05
18	123.43	41.81	0.00
20	103.77	29.55	0.00
108	43.35	42.32	0.08
68	92.80	12.50	0.02
358	79.45	23.84	0.06
100	71.19	22.26	0.11
124	78.66	11.13	0.14
620	85.02	20.80	0.02
142	80.10	27.57	0.10
164	80.10	27.57	0.10
98	80.10	17.05	0.04
124	78.66	11.13	0.02
580	76.78	30.75	0.16
120	77.20	28.60	0.20
154	80.95	26.85	0.19
278	95.00	27.48	0.01
1728	77.57	12.97	0.09
102	80.28	13.08	0.12
152	77.59	12.97	0.07
936	73.68	24.58	0.21
62	138.58	35.65	0.00
84	138.24	36.21	0.00
114	99.05	47.38	0.03
52	106.92	47.92	0.04
38	84.12	28.39	0.34
80	80.90	28.83	0.18
50	67.02	30.21	0.36
46	74.59	35.95	0.00
38	65.09	28.49	0.34
50	67.02	30.21	0.34
60	67.02	30.21	0.27
50	74.59	35.95	0.10
60	74.59	35.95	0.02
24	65.64	28.48	0.00
50	67.02	30.21	0.08
28	67.02	30.21	0.04
50	71.78	35.84	0.00
60	71.78	35.84	0.00
32	71.68	35.78	0.00
40	73.94	33.89	0.12
50	67.02	30.21	0.34
58	68.03	26.27	0.17
58	68.00	26.00	0.28
58	68.00	26.00	0.14
50	69.86	32.67	0.30
56	69.86	32.67	0.30
50	67.03	24.89	0.32
56	67.03	24.89	0.41
46	47.12	42.83	0.13
34	47.12	42.83	0.12
178	49.00	66.00	0.07
40	47.12	42.83	0.07
22	146.19	70.77	0.14
40	68.00	65.00	0.03
60	53.18	56.83	0.33
110	129.73	62.03	0.05
50	129.73	62.03	0.06
98	104.21	35.86	0.04
46	127.00	35.57	0.00
40	40.00	33.00	0.13
166	63.46	40.13	0.16
200	64.42	39.77	0.10
76	64.59	41.38	0.04
34	140.71	-5.09	0.00
44	150.00	-6.05	0.00
100	27.95	53.71	0.23
1368	-2.76	52.71	0.76
2336	-1.54	53.99	0.75
1894	-0.57	51.22	0.70
628	26.40	59.05	0.51
1876	28.00	65.00	0.58
60	26.19	68.26	0.17
360	16.00	60.00	0.82
154	29.00	65.00	0.55
308	24.00	64.00	0.62
48	-1.45	43.40	0.67
170	-1.45	43.40	0.66
58	2.22	46.23	0.43
34	2.22	46.23	0.34
60	10.45	51.17	0.55
64	14.31	51.26	0.50
200	21.83	39.07	0.09
120	21.83	39.07	0.15
220	20.17	46.25	0.62
362	20.17	46.25	0.36
68	-8.00	53.33	0.96
196	12.48	41.90	0.11
440	12.48	41.90	0.14
412	11.25	43.77	0.13
134	13.91	42.22	0.13
36	12.48	41.90	0.08
28	9.68	45.70	0.36
438	12.27	45.60	0.24
1832	10.00	45.70	0.23
66	12.48	41.90	0.09
306	9.12	39.22	0.07
56	9.12	39.22	0.07
42	9.12	39.22	0.18
200	16.25	39.30	0.05
378	16.25	39.30	0.08
310	16.25	39.30	0.18
16	10.98	43.57	0.06
80	11.35	46.50	0.15
76	11.92	46.72	0.42
102	10.77	46.63	0.36
100	21.75	41.61	0.24
110	15.00	54.00	0.62
92	5.86	51.82	0.60
58	5.80	53.20	0.81
88	8.47	60.47	0.84
96	21.00	52.25	0.08
400	19.15	51.92	0.46
446	19.15	51.92	0.30
894	-8.41	40.20	0.40
96	-8.22	39.40	0.44
140	-7.50	40.28	0.39
180	-8.42	41.55	0.37
128	-8.42	41.55	0.38
130	-7.83	38.52	0.27
118	24.97	45.94	0.17
130	25.79	45.86	0.40
60	43.58	54.21	0.27
42	43.58	54.21	0.14
60	44.07	54.24	0.28
32	44.07	54.24	0.41
50	37.62	55.75	0.24
14	37.62	55.75	0.21
298	40.53	64.53	0.39
46	56.25	58.01	0.24
20	54.83	63.86	0.15
34	40.08	44.60	0.12
1032	-3.78	56.00	0.82
58	1.52	41.59	0.26
1718	-3.70	40.51	0.39
62	-3.70	40.51	0.40
74	17.63	59.85	0.67
60	20.87	67.87	0.29
784	15.01	60.03	0.74
74	15.01	60.03	0.78
102	-0.12	51.51	0.75
32	-3.15	59.04	0.69
92	31.17	48.38	0.22
74	31.17	48.38	0.26
120	33.02	34.71	0.01
42	53.69	32.43	0.10
42	53.69	32.43	0.10
154	53.69	32.43	0.03
20	52.53	29.62	0.05
192	34.77	32.07	0.09
302	34.77	32.07	0.02
38	34.77	32.07	0.03
28	34.77	32.07	0.04
192	34.77	32.07	0.04
192	34.77	32.07	0.09
162	34.77	32.07	0.00
84	34.77	32.07	0.02
36	35.20	31.90	0.00
44	34.47	31.50	0.02
112	35.93	31.95	0.05
46	36.24	30.59	0.00
74	48.00	28.83	0.00
66	47.48	29.31	0.03
58	47.94	29.24	0.00
48	35.49	33.89	0.04
684	57.01	23.88	0.01
420	54.43	18.40	0.00
104	58.50	23.53	0.03
94	45.00	23.00	0.00
180	46.72	24.71	0.00
164	50.68	22.30	0.00
164	39.32	29.89	0.01
184	44.13	17.49	0.00
172	39.82	21.42	0.01
248	45.00	23.00	0.00
80	36.30	33.50	0.04
140	39.00	34.80	0.02
98	31.33	38.99	0.03
116	31.33	38.99	0.08
46	44.21	15.35	0.00
478	44.21	15.35	0.00
166	49.37	16.93	0.02
68	44.21	15.35	0.15
86	44.18	13.32	0.00
132	43.00	14.82	0.00
68	43.60	15.70	0.00
80	48.74	15.93	0.04
130	53.85	12.50	0.05
